[[1, 0, 0, 0, 0, 0, 0], [0, 0, 0, 0, 0, 0, 0], [0, 0, 0, 0, 0, 0, 0], [0, 0, 0, 0, 0, 0, 0], [0, 0, 0, 0, 0, 0, 0], [0, 0, 0, 0, 0, 0, 0], [0, 0, 0, 0, 0, 0, 0]]
[[1, 2, 0, 0, 0, 0, 0], [0, 0, 0, 0, 0, 0, 0], [0, 0, 0, 0, 0, 0, 0], [0, 0, 0, 0, 0, 0, 0], [0, 0, 0, 0, 0, 0, 0], [0, 0, 0, 0, 0, 0, 0], [0, 0, 0, 0, 0, 0, 0]]
[[1, 2, 3, 0, 0, 0, 0], [0, 0, 0, 0, 0, 0, 0], [0, 0, 0, 0, 0, 0, 0], [0, 0, 0, 0, 0, 0, 0], [0, 0, 0, 0, 0, 0, 0], [0, 0, 0, 0, 0, 0, 0], [0, 0, 0, 0, 0, 0, 0]]
[[1, 2, 3, 4, 0, 0, 0], [0, 0, 0, 0, 0, 0, 0], [0, 0, 0, 0, 0, 0, 0], [0, 0, 0, 0, 0, 0, 0], [0, 0, 0, 0, 0, 0, 0], [0, 0, 0, 0, 0, 0, 0], [0, 0, 0, 0, 0, 0, 0]]
[[1, 2, 3, 4, 5, 0, 0], [0, 0, 0, 0, 0, 0, 0], [0, 0, 0, 0, 0, 0, 0], [0, 0, 0, 0, 0, 0, 0], [0, 0, 0, 0, 0, 0, 0], [0, 0, 0, 0, 0, 0, 0], [0, 0, 0, 0, 0, 0, 0]]
[[1, 2, 3, 4, 5, 6, 0], [0, 0, 0, 0, 0, 0, 0], [0, 0, 0, 0, 0, 0, 0], [0, 0, 0, 0, 0, 0, 0], [0, 0, 0, 0, 0, 0, 0], [0, 0, 0, 0, 0, 0, 0], [0, 0, 0, 0, 0, 0, 0]]
[[1, 2, 3, 4, 5, 6, 7], [0, 0, 0, 0, 0, 0, 0], [0, 0, 0, 0, 0, 0, 0], [0, 0, 0, 0, 0, 0, 0], [0, 0, 0, 0, 0, 0, 0], [0, 0, 0, 0, 0, 0, 0], [0, 0, 0, 0, 0, 0, 0]]
[[1, 2, 3, 4, 5, 6, 7], [2, 0, 0, 0, 0, 0, 0], [0, 0, 0, 0, 0, 0, 0], [0, 0, 0, 0, 0, 0, 0], [0, 0, 0, 0, 0, 0, 0], [0, 0, 0, 0, 0, 0, 0], [0, 0, 0, 0, 0, 0, 0]]
[[1, 2, 3, 4, 5, 6, 7], [2, 4, 0, 0, 0, 0, 0], [0, 0, 0, 0, 0, 0, 0], [0, 0, 0, 0, 0, 0, 0], [0, 0, 0, 0, 0, 0, 0], [0, 0, 0, 0, 0, 0, 0], [0, 0, 0, 0, 0, 0, 0]]
[[1, 2, 3, 4, 5, 6, 7], [2, 4, 6, 0, 0, 0, 0], [0, 0, 0, 0, 0, 0, 0], [0, 0, 0, 0, 0, 0, 0], [0, 0, 0, 0, 0, 0, 0], [0, 0, 0, 0, 0, 0, 0], [0, 0, 0, 0, 0, 0, 0]]
[[1, 2, 3, 4, 5, 6, 7], [2, 4, 6, 8, 0, 0, 0], [0, 0, 0, 0, 0, 0, 0], [0, 0, 0, 0, 0, 0, 0], [0, 0, 0, 0, 0, 0, 0], [0, 0, 0, 0, 0, 0, 0], [0, 0, 0, 0, 0, 0, 0]]
[[1, 2, 3, 4, 5, 6, 7], [2, 4, 6, 8, 10, 0, 0], [0, 0, 0, 0, 0, 0, 0], [0, 0, 0, 0, 0, 0, 0], [0, 0, 0, 0, 0, 0, 0], [0, 0, 0, 0, 0, 0, 0], [0, 0, 0, 0, 0, 0, 0]]
[[1, 2, 3, 4, 5, 6, 7], [2, 4, 6, 8, 10, 12, 0], [0, 0, 0, 0, 0, 0, 0], [0, 0, 0, 0, 0, 0, 0], [0, 0, 0, 0, 0, 0, 0], [0, 0, 0, 0, 0, 0, 0], [0, 0, 0, 0, 0, 0, 0]]
[[1, 2, 3, 4, 5, 6, 7], [2, 4, 6, 8, 10, 12, 14], [0, 0, 0, 0, 0, 0, 0], [0, 0, 0, 0, 0, 0, 0], [0, 0, 0, 0, 0, 0, 0], [0, 0, 0, 0, 0, 0, 0], [0, 0, 0, 0, 0, 0, 0]]
[[1, 2, 3, 4, 5, 6, 7], [2, 4, 6, 8, 10, 12, 14], [3, 0, 0, 0, 0, 0, 0], [0, 0, 0, 0, 0, 0, 0], [0, 0, 0, 0, 0, 0, 0], [0, 0, 0, 0, 0, 0, 0], [0, 0, 0, 0, 0, 0, 0]]
[[1, 2, 3, 4, 5, 6, 7], [2, 4, 6, 8, 10, 12, 14], [3, 6, 0, 0, 0, 0, 0], [0, 0, 0, 0, 0, 0, 0], [0, 0, 0, 0, 0, 0, 0], [0, 0, 0, 0, 0, 0, 0], [0, 0, 0, 0, 0, 0, 0]]
[[1, 2, 3, 4, 5, 6, 7], [2, 4, 6, 8, 10, 12, 14], [3, 6, 9, 0, 0, 0, 0], [0, 0, 0, 0, 0, 0, 0], [0, 0, 0, 0, 0, 0, 0], [0, 0, 0, 0, 0, 0, 0], [0, 0, 0, 0, 0, 0, 0]]
[[1, 2, 3, 4, 5, 6, 7], [2, 4, 6, 8, 10, 12, 14], [3, 6, 9, 12, 0, 0, 0], [0, 0, 0, 0, 0, 0, 0], [0, 0, 0, 0, 0, 0, 0], [0, 0, 0, 0, 0, 0, 0], [0, 0, 0, 0, 0, 0, 0]]
[[1, 2, 3, 4, 5, 6, 7], [2, 4, 6, 8, 10, 12, 14], [3, 6, 9, 12, 15, 0, 0], [0, 0, 0, 0, 0, 0, 0], [0, 0, 0, 0, 0, 0, 0], [0, 0, 0, 0, 0, 0, 0], [0, 0, 0, 0, 0, 0, 0]]
[[1, 2, 3, 4, 5, 6, 7], [2, 4, 6, 8, 10, 12, 14], [3, 6, 9, 12, 15, 18, 0], [0, 0, 0, 0, 0, 0, 0], [0, 0, 0, 0, 0, 0, 0], [0, 0, 0, 0, 0, 0, 0], [0, 0, 0, 0, 0, 0, 0]]
[[1, 2, 3, 4, 5, 6, 7], [2, 4, 6, 8, 10, 12, 14], [3, 6, 9, 12, 15, 18, 21], [0, 0, 0, 0, 0, 0, 0], [0, 0, 0, 0, 0, 0, 0], [0, 0, 0, 0, 0, 0, 0], [0, 0, 0, 0, 0, 0, 0]]
[[1, 2, 3, 4, 5, 6, 7], [2, 4, 6, 8, 10, 12, 14], [3, 6, 9, 12, 15, 18, 21], [4, 0, 0, 0, 0, 0, 0], [0, 0, 0, 0, 0, 0, 0], [0, 0, 0, 0, 0, 0, 0], [0, 0, 0, 0, 0, 0, 0]]
[[1, 2, 3, 4, 5, 6, 7], [2, 4, 6, 8, 10, 12, 14], [3, 6, 9, 12, 15, 18, 21], [4, 8, 0, 0, 0, 0, 0], [0, 0, 0, 0, 0, 0, 0], [0, 0, 0, 0, 0, 0, 0], [0, 0, 0, 0, 0, 0, 0]]
[[1, 2, 3, 4, 5, 6, 7], [2, 4, 6, 8, 10, 12, 14], [3, 6, 9, 12, 15, 18, 21], [4, 8, 12, 0, 0, 0, 0], [0, 0, 0, 0, 0, 0, 0], [0, 0, 0, 0, 0, 0, 0], [0, 0, 0, 0, 0, 0, 0]]
[[1, 2, 3, 4, 5, 6, 7], [2, 4, 6, 8, 10, 12, 14], [3, 6, 9, 12, 15, 18, 21], [4, 8, 12, 16, 0, 0, 0], [0, 0, 0, 0, 0, 0, 0], [0, 0, 0, 0, 0, 0, 0], [0, 0, 0, 0, 0, 0, 0]]
[[1, 2, 3, 4, 5, 6, 7], [2, 4, 6, 8, 10, 12, 14], [3, 6, 9, 12, 15, 18, 21], [4, 8, 12, 16, 20, 0, 0], [0, 0, 0, 0, 0, 0, 0], [0, 0, 0, 0, 0, 0, 0], [0, 0, 0, 0, 0, 0, 0]]
[[1, 2, 3, 4, 5, 6, 7], [2, 4, 6, 8, 10, 12, 14], [3, 6, 9, 12, 15, 18, 21], [4, 8, 12, 16, 20, 24, 0], [0, 0, 0, 0, 0, 0, 0], [0, 0, 0, 0, 0, 0, 0], [0, 0, 0, 0, 0, 0, 0]]
[[1, 2, 3, 4, 5, 6, 7], [2, 4, 6, 8, 10, 12, 14], [3, 6, 9, 12, 15, 18, 21], [4, 8, 12, 16, 20, 24, 28], [0, 0, 0, 0, 0, 0, 0], [0, 0, 0, 0, 0, 0, 0], [0, 0, 0, 0, 0, 0, 0]]
[[1, 2, 3, 4, 5, 6, 7], [2, 4, 6, 8, 10, 12, 14], [3, 6, 9, 12, 15, 18, 21], [4, 8, 12, 16, 20, 24, 28], [5, 0, 0, 0, 0, 0, 0], [0, 0, 0, 0, 0, 0, 0], [0, 0, 0, 0, 0, 0, 0]]
[[1, 2, 3, 4, 5, 6, 7], [2, 4, 6, 8, 10, 12, 14], [3, 6, 9, 12, 15, 18, 21], [4, 8, 12, 16, 20, 24, 28], [5, 10, 0, 0, 0, 0, 0], [0, 0, 0, 0, 0, 0, 0], [0, 0, 0, 0, 0, 0, 0]]
[[1, 2, 3, 4, 5, 6, 7], [2, 4, 6, 8, 10, 12, 14], [3, 6, 9, 12, 15, 18, 21], [4, 8, 12, 16, 20, 24, 28], [5, 10, 15, 0, 0, 0, 0], [0, 0, 0, 0, 0, 0, 0], [0, 0, 0, 0, 0, 0, 0]]
[[1, 2, 3, 4, 5, 6, 7], [2, 4, 6, 8, 10, 12, 14], [3, 6, 9, 12, 15, 18, 21], [4, 8, 12, 16, 20, 24, 28], [5, 10, 15, 20, 0, 0, 0], [0, 0, 0, 0, 0, 0, 0], [0, 0, 0, 0, 0, 0, 0]]
[[1, 2, 3, 4, 5, 6, 7], [2, 4, 6, 8, 10, 12, 14], [3, 6, 9, 12, 15, 18, 21], [4, 8, 12, 16, 20, 24, 28], [5, 10, 15, 20, 25, 0, 0], [0, 0, 0, 0, 0, 0, 0], [0, 0, 0, 0, 0, 0, 0]]
[[1, 2, 3, 4, 5, 6, 7], [2, 4, 6, 8, 10, 12, 14], [3, 6, 9, 12, 15, 18, 21], [4, 8, 12, 16, 20, 24, 28], [5, 10, 15, 20, 25, 30, 0], [0, 0, 0, 0, 0, 0, 0], [0, 0, 0, 0, 0, 0, 0]]
[[1, 2, 3, 4, 5, 6, 7], [2, 4, 6, 8, 10, 12, 14], [3, 6, 9, 12, 15, 18, 21], [4, 8, 12, 16, 20, 24, 28], [5, 10, 15, 20, 25, 30, 35], [0, 0, 0, 0, 0, 0, 0], [0, 0, 0, 0, 0, 0, 0]]
[[1, 2, 3, 4, 5, 6, 7], [2, 4, 6, 8, 10, 12, 14], [3, 6, 9, 12, 15, 18, 21], [4, 8, 12, 16, 20, 24, 28], [5, 10, 15, 20, 25, 30, 35], [6, 0, 0, 0, 0, 0, 0], [0, 0, 0, 0, 0, 0, 0]]
[[1, 2, 3, 4, 5, 6, 7], [2, 4, 6, 8, 10, 12, 14], [3, 6, 9, 12, 15, 18, 21], [4, 8, 12, 16, 20, 24, 28], [5, 10, 15, 20, 25, 30, 35], [6, 12, 0, 0, 0, 0, 0], [0, 0, 0, 0, 0, 0, 0]]
[[1, 2, 3, 4, 5, 6, 7], [2, 4, 6, 8, 10, 12, 14], [3, 6, 9, 12, 15, 18, 21], [4, 8, 12, 16, 20, 24, 28], [5, 10, 15, 20, 25, 30, 35], [6, 12, 18, 0, 0, 0, 0], [0, 0, 0, 0, 0, 0, 0]]
[[1, 2, 3, 4, 5, 6, 7], [2, 4, 6, 8, 10, 12, 14], [3, 6, 9, 12, 15, 18, 21], [4, 8, 12, 16, 20, 24, 28], [5, 10, 15, 20, 25, 30, 35], [6, 12, 18, 24, 0, 0, 0], [0, 0, 0, 0, 0, 0, 0]]
[[1, 2, 3, 4, 5, 6, 7], [2, 4, 6, 8, 10, 12, 14], [3, 6, 9, 12, 15, 18, 21], [4, 8, 12, 16, 20, 24, 28], [5, 10, 15, 20, 25, 30, 35], [6, 12, 18, 24, 30, 0, 0], [0, 0, 0, 0, 0, 0, 0]]
[[1, 2, 3, 4, 5, 6, 7], [2, 4, 6, 8, 10, 12, 14], [3, 6, 9, 12, 15, 18, 21], [4, 8, 12, 16, 20, 24, 28], [5, 10, 15, 20, 25, 30, 35], [6, 12, 18, 24, 30, 36, 0], [0, 0, 0, 0, 0, 0, 0]]
[[1, 2, 3, 4, 5, 6, 7], [2, 4, 6, 8, 10, 12, 14], [3, 6, 9, 12, 15, 18, 21], [4, 8, 12, 16, 20, 24, 28], [5, 10, 15, 20, 25, 30, 35], [6, 12, 18, 24, 30, 36, 42], [0, 0, 0, 0, 0, 0, 0]]
[[1, 2, 3, 4, 5, 6, 7], [2, 4, 6, 8, 10, 12, 14], [3, 6, 9, 12, 15, 18, 21], [4, 8, 12, 16, 20, 24, 28], [5, 10, 15, 20, 25, 30, 35], [6, 12, 18, 24, 30, 36, 42], [7, 0, 0, 0, 0, 0, 0]]
[[1, 2, 3, 4, 5, 6, 7], [2, 4, 6, 8, 10, 12, 14], [3, 6, 9, 12, 15, 18, 21], [4, 8, 12, 16, 20, 24, 28], [5, 10, 15, 20, 25, 30, 35], [6, 12, 18, 24, 30, 36, 42], [7, 14, 0, 0, 0, 0, 0]]
[[1, 2, 3, 4, 5, 6, 7], [2, 4, 6, 8, 10, 12, 14], [3, 6, 9, 12, 15, 18, 21], [4, 8, 12, 16, 20, 24, 28], [5, 10, 15, 20, 25, 30, 35], [6, 12, 18, 24, 30, 36, 42], [7, 14, 21, 0, 0, 0, 0]]
[[1, 2, 3, 4, 5, 6, 7], [2, 4, 6, 8, 10, 12, 14], [3, 6, 9, 12, 15, 18, 21], [4, 8, 12, 16, 20, 24, 28], [5, 10, 15, 20, 25, 30, 35], [6, 12, 18, 24, 30, 36, 42], [7, 14, 21, 28, 0, 0, 0]]
[[1, 2, 3, 4, 5, 6, 7], [2, 4, 6, 8, 10, 12, 14], [3, 6, 9, 12, 15, 18, 21], [4, 8, 12, 16, 20, 24, 28], [5, 10, 15, 20, 25, 30, 35], [6, 12, 18, 24, 30, 36, 42], [7, 14, 21, 28, 35, 0, 0]]
[[1, 2, 3, 4, 5, 6, 7], [2, 4, 6, 8, 10, 12, 14], [3, 6, 9, 12, 15, 18, 21], [4, 8, 12, 16, 20, 24, 28], [5, 10, 15, 20, 25, 30, 35], [6, 12, 18, 24, 30, 36, 42], [7, 14, 21, 28, 35, 42, 0]]
[[1, 2, 3, 4, 5, 6, 7], [2, 4, 6, 8, 10, 12, 14], [3, 6, 9, 12, 15, 18, 21], [4, 8, 12, 16, 20, 24, 28], [5, 10, 15, 20, 25, 30, 35], [6, 12, 18, 24, 30, 36, 42], [7, 14, 21, 28, 35, 42, 49]]
